<?xml version="1.0"?>
<opencv_storage>
<homography_matrix type_id="opencv-matrix">
  <rows>3</rows>
  <cols>3</cols>
  <dt>d</dt>
  <data>
    1.9420047420015085e+00 2.4873385497805717e-01
    -4.7714679451881557e+02 9.9167324810117939e-03
    2.9962752582575938e+00 -2.4700431452627248e+02
    4.1967026319079330e-04 2.2095578158849855e-03 1.</data></homography_matrix>
</opencv_storage>
